%YAML:1.0
---
H1: !!opencv-matrix
   rows: 3
   cols: 3
   dt: d
   data: [ 1.9175340442120017e+00, 2.7790348466838553e-02,
       -2.4455506650819660e+02, 1.3660298556165609e-01,
       2.6432677706180483e+00, -4.7964723305336554e+02,
       2.2101183052683322e-04, 2.9343459187172781e-04, 1. ]
H2: !!opencv-matrix
   rows: 3
   cols: 3
   dt: d
   data: [ -8.8578990097701171e-01, -9.8991772015527502e-02,
       5.7864791781135477e+02, 3.7290775978284244e-02,
       -8.8332857505607687e-01, 3.8282348705447697e+02,
       -1.1843038672624822e-04, -1.6237497659951693e-04,
       8.9315454065450772e-01 ]
min_depth: 620
max_depth: 685
points_box: !!opencv-matrix
   rows: 4
   cols: 2
   dt: f
   data: [ 125., 175., 512., 155., 532., 377., 122., 382. ]
points_mire: !!opencv-matrix
   rows: 4
   cols: 2
   dt: f
   data: [ 130., 152., 520., 163., 505., 367., 129., 361. ]
points_depth: !!opencv-matrix
   rows: 2
   cols: 2
   dt: f
   data: [ 244., 281., 374., 251. ]
